200000 1000
56885 25465
60469 92837
61101 40101
61217 50761
33197 6977
101313 127453
54793 32877
90129 117273
9793 87405
35585 7365
7501 42157
83909 100929
117865 26585
4637 58369
94709 88809
9137 71749
90417 50221
6737 113277
23317 115049
104281 80121
43049 109021
108521 53105
17225 5461
50765 83589
91513 6201
17469 36969
115389 83097
126513 86621
116697 81
112565 27461
10545 114681
16565 100161
70285 46869
977 53297
83953 101637
130465 52045
34669 42809
105753 29609
97249 104477
52421 41437
37089 17221
124201 53369
128877 18033
22529 19885
11229 14229
124073 125377
85141 83965
75085 78525
37353 56401
83281 85225
14053 43421
110757 30817
74521 59245
101365 21421
42361 75493
116253 125761
102425 89785
103013 108061
66821 113741
7129 8017
17433 51653
82325 130193
117189 30997
11277 119249
69349 107521
101237 8637
80265 37193
20217 35673
3793 3745
42265 13461
95661 110545
5361 33233
56001 49841
32917 10861
50465 34901
57433 113253
126001 82693
100121 102621
7781 43353
49053 27553
18721 85577
103133 36817
127365 101937
100169 40789
93741 102645
76073 11141
78365 61689
11237 70825
96377 104269
62553 116365
41313 23717
23581 90641
102333 65393
97753 123837
22541 130801
23197 87885
36925 125765
75813 10309
102513 47733
71725 106357
128213 45697
26817 40349
45161 96393
36249 107245
65765 54449
16977 13209
103269 113505
21961 43373
10853 76585
65141 33365
5221 94205
34733 15349
50141 88857
75757 52277
55285 45
53317 116441
58977 34669
50309 16381
22065 42133
117929 97217
105373 82681
53017 96953
9421 128673
41977 29597
83905 49745
61833 84417
33033 49813
57705 4277
21401 85469
98013 44233
6569 6529
36405 41117
5753 127961
109845 6085
6425 41797
35769 81469
69 96841
3921 128261
28477 77965
77137 62401
66425 37125
85945 26409
23445 36065
70257 72885
81685 82873
76169 19225
79669 37005
16541 67561
125113 109533
107277 96785
97977 29365
97637 55681
95873 123577
34717 19361
7245 23365
125037 109817
2345 78693
74149 22437
127409 13569
54633 63245
5621 36045
13469 30793
107061 114549
124441 75733
86205 13217
14097 3081
105653 123141
91217 101557
120297 46193
117917 96173
26017 80101
56305 94817
103533 71061
32745 125017
73977 127245
128241 34529
128977 18737
113841 21881
23625 53333
101709 31621
119341 122689
2493 115397
71857 101465
70425 124657
99877 128913
33517 49737
5341 23437
7805 26397
94445 29617
37669 13925
87821 50989
19365 845
37969 92429
126565 86985
128785 113997
87253 118293
98469 53985
52149 58217
10309 58061
93281 116569
97997 99377
24365 115861
99225 75101
120493 130641
129605 88537
103421 44777
102797 36221
115753 62329
11025 44161
1629 78933
37933 86145
93013 80557
65477 66205
81301 785
37141 8833
90825 23821
83849 66169
9733 26541
39805 116857
15141 64273
7189 107569
51985 69381
24089 125473
22809 11901
101293 41893
20793 2113
124221 74761
3945 11365
99117 12949
77825 1765
108741 22937
129261 10029
63477 125573
109581 58549
54817 83709
103041 94345
86525 65233
37117 91093
121425 21297
5401 121729
5581 110241
11157 12461
76769 107021
102325 89697
52861 128749
99225 9213
21745 91697
16753 62681
79793 99449
120293 115917
81197 94985
13157 49621
108445 58849
20069 2689
111573 3801
70341 94621
112909 130449
529 24249
80313 1197
19161 56257
79189 111549
10489 122749
68405 128617
89841 124205
81501 59505
38961 123157
27197 61121
33901 107025
112789 42369
31717 110625
75845 13101
97473 112625
62733 102553
86357 103301
28773 22021
44913 130981
105301 40237
8385 69253
119097 100453
33809 91981
54169 65165
63373 25261
34541 76861
64573 5217
45193 88525
41505 86485
66885 42581
101805 50597
55661 14293
42485 73777
49545 94261
80929 95533
95261 112477
97177 120373
15513 27201
62317 80477
20229 32497
67745 49841
85221 28073
8561 93157
19217 126693
88505 15557
108653 7789
102437 469
67021 103269
105629 42457
110269 64861
32645 79733
50001 120425
88597 43949
94965 113181
130985 28017
38977 127413
126977 51785
1473 115993
35501 19389
54225 73961
19273 3597
65377 8597
122573 9117
109005 70505
57829 5537
18853 96161
71745 37281
7305 106097
126177 21513
10733 91673
68449 90037
75501 110337
123477 37517
101153 70837
56977 42761
75373 97277
12145 45769
34757 67057
58433 78369
99597 129029
12909 110761
78821 10525
111857 7889
41837 99221
29845 124013
42785 11353
100665 114757
681 122613
9277 33953
18085 69273
119737 114917
44669 89149
52953 26653
85809 127389
72485 33921
124721 86357
23257 2065
40725 76785
70713 117285
2965 117241
82385 49657
49201 105209
64465 36413
115477 31149
68185 88481
12781 79081
12489 11385
92073 60873
66069 113449
127821 55993
69141 49629
45009 130937
79817 130297
19677 92737
1209 52925
39081 34233
111929 41421
121533 4125
62917 6337
102357 83785
129345 6837
54937 121277
52317 117981
122249 11461
45521 100621
41397 34665
87989 123217
20113 45717
112089 49277
102105 40489
91405 112565
73281 105205
16237 100617
60517 47585
72121 130801
73857 122857
91553 8437
85577 8001
36121 120117
76741 58701
54945 65253
71685 36297
41633 76289
115477 125637
119213 119745
83621 86473
9173 24629
65541 48589
24841 117961
31433 104037
72265 77805
48317 109489
54289 71045
17057 128905
27033 51357
65017 45953
96561 104921
41957 87033
108925 78609
40181 129069
38881 67561
124393 57157
81849 127829
12689 94821
43697 4657
39821 95177
47641 125649
80941 123581
55605 61829
126265 9405
92289 31293
102337 66437
111129 75521
8945 4121
79593 123801
64473 64229
9497 32265
93761 94389
116557 60473
79489 68829
48385 85605
62537 127025
117701 114373
1641 101677
72105 130581
6069 14585
41073 3373
109765 70005
109049 115585
713 51277
9601 29369
102233 58133
108021 42829
94541 69
55613 71169
74365 45389
84125 50809
47781 96697
12785 101089
70425 99109
18957 54357
7097 38493
79877 128145
45217 125297
39289 121977
16653 21169
90089 92057
104221 94425
87825 17617
69805 22537
107553 101321
104737 87005
3617 3993
46137 85633
122685 97865
59865 27841
12041 23905
58077 28429
26081 127881
34549 26521
51501 12037
27485 21865
123069 39249
58049 13397
34061 26545
65025 70185
91801 47285
52749 112809
122417 69345
79533 97453
54853 71709
41545 49697
105781 119389
59081 116005
94369 73013
109409 79889
102845 116813
106329 83601
45729 77577
119265 36261
101517 28945
97001 104641
94025 22505
99553 29653
39273 129389
10137 57945
76201 75641
123909 52069
31025 48233
12569 92869
110313 119985
76165 55029
89033 1385
35489 27721
61493 106457
87077 109801
121393 4625
22789 9713
72913 95357
69949 125305
77937 87137
64677 77221
64529 117637
59061 41137
112545 62629
23401 66065
34645 118053
40193 102505
106481 37757
92885 122033
115733 111329
59689 37445
125589 84945
63993 115677
122317 27025
87749 19905
107485 128221
47981 56501
32785 29529
29173 10785
89377 42033
36705 64801
94345 2473
12665 98437
59085 94121
3481 32237
26849 32585
41101 3541
84573 28525
20317 19617
78045 57933
51473 107713
66645 65537
129421 81317
129109 122393
122213 73689
32345 17449
99997 40481
127265 56673
41605 37745
51465 59145
118917 1561
10557 27689
72177 49081
38437 7693
56021 27233
42153 121289
27589 115361
94841 125673
56493 28309
112501 6885
69797 68085
81885 40373
101053 128805
106433 125805
80841 34125
126781 104133
106813 64341
24521 77993
99573 71697
96913 84169
44549 104245
120777 105261
119429 19325
7913 31421
72297 89509
8209 35033
33621 82069
54869 51693
30049 125525
8969 9961
121065 57909
4621 27637
130405 46021
30497 119777
106813 87809
46145 78021
92805 7493
30941 115089
73961 45941
84541 50325
129121 116985
107725 120605
81177 60377
99937 12789
110633 10701
78229 119549
58749 67145
129557 41917
62101 87429
125417 44277
114273 101541
4049 91937
16893 71345
18057 79893
68245 16045
17697 77205
19509 16045
51273 1225
54665 66533
42145 36585
13493 79793
37385 33473
89389 7593
98297 117565
7797 120501
17085 90881
48133 104733
27105 118009
128517 28049
69481 14817
54061 321
94253 27357
31621 7397
7457 24833
95305 20693
38317 125425
36005 26141
6913 72025
52113 74873
101461 114581
44705 130425
72769 60717
2505 76941
110361 37749
55365 56333
45601 21009
20045 57169
15361 98697
31733 102841
17913 101093
119037 92873
52785 39973
53657 120625
111393 117221
85073 59089
6093 44513
90293 24557
8469 103057
108369 116497
56333 15277
51801 126021
73041 23489
122769 101633
76101 116417
119581 105301
128365 94613
78653 47589
119493 85677
44341 32013
86277 6021
101125 221
11005 70473
33369 25649
68565 59985
9269 47309
130409 104133
81377 129105
20373 33301
31393 36461
116877 57245
104097 1997
126497 87089
94897 30277
79885 64157
88337 6613
64337 54613
50005 57009
122505 113893
127273 16489
108321 121741
40989 74201
12229 116189
78969 10841
22417 16429
107289 14261
47749 49473
27685 95561
66225 115157
63217 43017
107173 59681
106193 81829
51365 9853
49373 113781
23313 116697
72389 64177
118177 40293
51873 127581
106433 14869
81865 31865
87009 24873
93337 44281
110529 110797
35137 86501
5569 39333
47013 75605
50989 45909
120857 86173
57245 97813
122685 42565
121137 41285
64717 26921
92649 46841
58217 125557
100865 46217
98669 112853
95017 65573
31425 123485
92397 17249
111517 121793
6641 68289
15461 105541
92749 16981
126593 32481
95965 106305
68117 96325
106889 1605
9441 78321
30373 65381
113169 105029
15141 83549
109317 96645
62473 100425
305 105469
112289 89625
82129 8449
4573 103497
105689 98041
90269 118597
89009 117901
54529 40225
113925 122513
3265 1025
45217 52013
65129 105933
44601 90601
69577 20661
65073 10421
9501 46253
115593 93693
96637 13853
5765 131009
69669 1373
98461 6037
102077 123721
76097 68545
86189 121553
941 87369
33645 63377
19885 97017
72673 2385
110461 94593
29837 33957
19605 65657
91397 36981
5481 48249
41509 20613
43601 9761
14189 97561
73553 32309
125265 87925
127193 56993
86141 2933
31149 75917
97849 101913
14757 22393
63909 67857
81285 117041
124441 58201
128969 2809
74341 30397
121457 48017
12601 98933
66013 4673
47701 27297
16533 105209
95477 87285
121877 46921
84757 78385
19109 29825
34237 50361
82477 83653
53845 46125
26605 14609
127233 48621
127345 8785
121821 70317
34369 28517
14165 127245
45765 4677
121725 36117
80905 9729
18001 87265
42133 55257
116501 41501
78393 9537
12953 125073
115933 65285
61593 29121
52821 24909
12785 111997
113457 61601
8201 24413
7293 44057
120093 4457
58025 83021
60797 62357
63821 42865
98809 73825
103417 21105
88857 65113
97281 63217
11633 38589
110425 67161
110341 63733
41057 111097
87425 113453
26273 61453
36237 108533
78013 5577
80685 43185
18217 104049
86785 130369
61441 96101
89237 53389
99297 67893
44481 14861
929 95657
77541 48225
32581 111321
96321 20705
40361 92989
71761 69661
38245 92849
119561 100237
59045 73877
109097 52221
75237 116441
32417 88373
75717 48641
72389 52873
56813 110145
30129 104533
13501 130449
65425 38561
82489 10925
50925 118953
5585 40245
18181 17773
31009 31405
44821 125257
61913 4257
94897 122993
87165 91041
127745 1689
14397 29537
69929 119665
105405 115641
96649 109645
2797 47817
30745 45713
38365 25589
9641 8041
59513 10241
48701 15421
119665 68133
127069 2117
103921 64009
128353 105261
14481 51945
82621 21637
84225 24485
42073 59501
83697 105401
36837 22809
4569 108905
98585 126301
42957 74953
12049 78921
99653 48069
92821 9641
128497 54069
30073 28585
108181 114925
107225 333
51137 76501
4213 123421
4533 6893
18689 91797
63785 22625
40809 53721
91421 38297
70453 95265
79269 849
101829 22113
60365 55453
18609 99029
115273 24573
77069 64141
34657 6513
129981 92153
100269 33153
3793 106109
55805 68957
99257 63249
89093 125905
40629 104873
110677 72565
79625 50169
101645 91565
64617 7381
43957 52905
25901 9445
109077 68257
71093 54293
11253 100273
102573 29769
36345 105745
65637 116941
31089 28433
59685 103157
43305 71725
103525 33713
77609 42785
66873 109065
35745 33269
83357 28357
58529 48653
122029 11501
110325 64829
81429 30561
71661 90061
581 7009
98365 7069
47069 127013
22457 84009
7649 99181
43565 94097
38681 45833
44341 29881
42597 17265
40705 89681
82941 33617
17965 38629
121805 3097
90761 78321
50377 110481
24305 50665
297 107105
103457 27469
71633 62381
27757 28873
120461 90517
47285 87069
52597 39637
99865 102493
86825 64849
115917 53469
123437 57753
4085 6481
40753 33669
124529 94941
55413 104385
107677 44573
85493 40553
102205 117313
4833 66173
81717 37129
120785 5769
114277 129013
93721 130613
107893 54833
87081 38089
101029 32701
6857 90297
4513 54645
95097 42061
126029 23077
47029 39705
72849 122005
47437 62613
116537 18065
109489 105397
